3600
3
0.0000e+00    0.0000e+00    1.0000e+08    0.0000e+00    1.1000e+08    0.0000e+00    
0.0000e+00    0.0000e+00    9.9478e+07    7.1871e+06    1.0906e+08    5.0310e+06    
0.0000e+00    0.0000e+00    9.8434e+07    1.4337e+07    1.0710e+08    1.0015e+07    
0.0000e+00    0.0000e+00    9.6867e+07    2.1410e+07    1.0392e+08    1.4885e+07    
0.0000e+00    0.0000e+00    9.4781e+07    2.8368e+07    9.8730e+07    1.9468e+07    
0.0000e+00    0.0000e+00    9.2176e+07    3.5171e+07    7.5430e+07    2.0478e+07    
0.0000e+00    0.0000e+00    8.8950e+07    4.1738e+07    5.1194e+07    2.1235e+07    
0.0000e+00    0.0000e+00    8.5240e+07    4.8077e+07    2.5379e+07    2.1337e+07    
0.0000e+00    0.0000e+00    8.1059e+07    5.4151e+07    -4.0415e+06    1.8408e+07    
0.0000e+00    0.0000e+00    7.6426e+07    5.9922e+07    -3.0342e+07    1.2651e+06    
0.0000e+00    0.0000e+00    7.1362e+07    6.5356e+07    -5.1034e+07    -1.6112e+07    
0.0000e+00    0.0000e+00    6.5892e+07    7.0417e+07    -6.9980e+07    -3.2937e+07    
0.0000e+00    0.0000e+00    6.0041e+07    7.5072e+07    -8.8016e+07    -4.9334e+07    
0.0000e+00    0.0000e+00    5.3841e+07    7.9290e+07    -1.0363e+08    -6.4373e+07    
0.0000e+00    0.0000e+00    4.7313e+07    8.3025e+07    -1.1888e+08    -7.9190e+07    
0.0000e+00    0.0000e+00    4.0505e+07    8.6269e+07    -1.3391e+08    -9.3853e+07    
0.0000e+00    0.0000e+00    3.3455e+07    8.8998e+07    -1.4877e+08    -1.0840e+08    
0.0000e+00    0.0000e+00    2.6204e+07    9.1191e+07    -1.6350e+08    -1.2285e+08    
0.0000e+00    0.0000e+00    1.8794e+07    9.2833e+07    -1.7812e+08    -1.3723e+08    
0.0000e+00    0.0000e+00    1.1270e+07    9.3911e+07    -1.9267e+08    -1.5154e+08    
0.0000e+00    0.0000e+00    3.6775e+06    9.4415e+07    -2.0714e+08    -1.6579e+08    
0.0000e+00    0.0000e+00    -3.9377e+06    9.4341e+07    -2.2156e+08    -1.8000e+08    
0.0000e+00    0.0000e+00    -1.1529e+07    9.3689e+07    -2.3592e+08    -1.9417e+08    
0.0000e+00    0.0000e+00    -1.9049e+07    9.2461e+07    -2.5024e+08    -2.0831e+08    
0.0000e+00    0.0000e+00    -2.6452e+07    9.0665e+07    -2.6453e+08    -2.2241e+08    
0.0000e+00    0.0000e+00    -3.3693e+07    8.8313e+07    -2.7878e+08    -2.3648e+08    
0.0000e+00    0.0000e+00    -4.0728e+07    8.5421e+07    -2.9300e+08    -2.5053e+08    
0.0000e+00    0.0000e+00    -4.7515e+07    8.2008e+07    -3.0719e+08    -2.6455e+08    
0.0000e+00    0.0000e+00    -5.4013e+07    7.8098e+07    -3.2136e+08    -2.7856e+08    
0.0000e+00    0.0000e+00    -6.0186e+07    7.3717e+07    -3.3551e+08    -2.9254e+08    
0.0000e+00    0.0000e+00    -6.5998e+07    6.8894e+07    -3.4963e+08    -3.0651e+08    
0.0000e+00    0.0000e+00    -7.1417e+07    6.3661e+07    -3.6374e+08    -3.2046e+08    
0.0000e+00    0.0000e+00    -7.6415e+07    5.8052e+07    -3.7783e+08    -3.3440e+08    
0.0000e+00    0.0000e+00    -8.0966e+07    5.2104e+07    -3.9191e+08    -3.4832e+08    
0.0000e+00    0.0000e+00    -8.5049e+07    4.5855e+07    -4.0597e+08    -3.6223e+08    
0.0000e+00    0.0000e+00    -8.8645e+07    3.9343e+07    -4.2002e+08    -3.7613e+08    
0.0000e+00    0.0000e+00    -9.1738e+07    3.2608e+07    -4.3406e+08    -3.9001e+08    
0.0000e+00    0.0000e+00    -9.4319e+07    2.5691e+07    -4.4808e+08    -4.0389e+08    
0.0000e+00    0.0000e+00    -9.6377e+07    1.8632e+07    -4.6210e+08    -4.1776e+08    
0.0000e+00    0.0000e+00    -9.7910e+07    1.1471e+07    -4.7610e+08    -4.3162e+08    
0.0000e+00    0.0000e+00    -9.8914e+07    4.2478e+06    -4.9010e+08    -4.4547e+08    
0.0000e+00    0.0000e+00    -9.9392e+07    -2.9977e+06    -5.0408e+08    -4.5931e+08    
0.0000e+00    0.0000e+00    -9.9348e+07    -1.0227e+07    -5.1806e+08    -4.7314e+08    
0.0000e+00    0.0000e+00    -9.8789e+07    -1.7404e+07    -5.3203e+08    -4.8697e+08    
0.0000e+00    0.0000e+00    -9.7724e+07    -2.4492e+07    -5.4599e+08    -5.0079e+08    
0.0000e+00    0.0000e+00    -9.6165e+07    -3.1456e+07    -5.5995e+08    -5.1460e+08    
0.0000e+00    0.0000e+00    -9.4127e+07    -3.8263e+07    -5.7390e+08    -5.2841e+08    
0.0000e+00    0.0000e+00    -9.1625e+07    -4.4882e+07    -5.8784e+08    -5.4221e+08    
0.0000e+00    0.0000e+00    -8.8678e+07    -5.1282e+07    -6.0178e+08    -5.5601e+08    
0.0000e+00    0.0000e+00    -8.5304e+07    -5.7436e+07    -6.1571e+08    -5.6980e+08    
0.0000e+00    0.0000e+00    -8.1526e+07    -6.3317e+07    -6.2963e+08    -5.8359e+08    
0.0000e+00    0.0000e+00    -7.7364e+07    -6.8901e+07    -6.4355e+08    -5.9737e+08    
0.0000e+00    0.0000e+00    -7.2843e+07    -7.4164e+07    -6.5747e+08    -6.1114e+08    
0.0000e+00    0.0000e+00    -6.7987e+07    -7.9087e+07    -6.7138e+08    -6.2492e+08    
0.0000e+00    0.0000e+00    -6.2822e+07    -8.3650e+07    -6.8528e+08    -6.3868e+08    
0.0000e+00    0.0000e+00    -5.7373e+07    -8.7835e+07    -6.9919e+08    -6.5245e+08    
0.0000e+00    0.0000e+00    -5.1668e+07    -9.1627e+07    -7.1308e+08    -6.6621e+08    
0.0000e+00    0.0000e+00    -4.5733e+07    -9.5012e+07    -7.2698e+08    -6.7996e+08    
0.0000e+00    0.0000e+00    -3.9596e+07    -9.7979e+07    -7.4087e+08    -6.9372e+08    
0.0000e+00    0.0000e+00    -3.3287e+07    -1.0052e+08    -7.5475e+08    -7.0747e+08    
0.0000e+00    0.0000e+00    -2.6832e+07    -1.0262e+08    -7.6863e+08    -7.2121e+08    
0.0000e+00    0.0000e+00    -2.0262e+07    -1.0427e+08    -7.8251e+08    -7.3495e+08    
0.0000e+00    0.0000e+00    -1.3604e+07    -1.0548e+08    -7.9639e+08    -7.4869e+08    
0.0000e+00    0.0000e+00    -6.8874e+06    -1.0624e+08    -8.1026e+08    -7.6243e+08    
0.0000e+00    0.0000e+00    -1.4155e+05    -1.0654e+08    -8.2413e+08    -7.7616e+08    
0.0000e+00    0.0000e+00    6.6049e+06    -1.0638e+08    -8.3800e+08    -7.8989e+08    
0.0000e+00    0.0000e+00    1.3323e+07    -1.0577e+08    -8.5186e+08    -8.0362e+08    
0.0000e+00    0.0000e+00    1.9985e+07    -1.0471e+08    -8.6572e+08    -8.1735e+08    
0.0000e+00    0.0000e+00    2.6561e+07    -1.0320e+08    -8.7958e+08    -8.3107e+08    
0.0000e+00    0.0000e+00    3.3024e+07    -1.0126e+08    -8.9343e+08    -8.4479e+08    
0.0000e+00    0.0000e+00    3.9345e+07    -9.8875e+07    -9.0729e+08    -8.5851e+08    
0.0000e+00    0.0000e+00    4.5498e+07    -9.6071e+07    -9.2114e+08    -8.7222e+08    
0.0000e+00    0.0000e+00    5.1456e+07    -9.2854e+07    -9.3498e+08    -8.8594e+08    
0.0000e+00    0.0000e+00    5.7191e+07    -8.9235e+07    -9.4883e+08    -8.9965e+08    
0.0000e+00    0.0000e+00    6.2678e+07    -8.5230e+07    -9.6267e+08    -9.1336e+08    
0.0000e+00    0.0000e+00    6.7892e+07    -8.0853e+07    -9.7651e+08    -9.2707e+08    
0.0000e+00    0.0000e+00    7.2807e+07    -7.6120e+07    -9.9035e+08    -9.4077e+08    
0.0000e+00    0.0000e+00    7.7401e+07    -7.1052e+07    -1.0042e+09    -9.5447e+08    
0.0000e+00    0.0000e+00    8.1650e+07    -6.5667e+07    -1.0180e+09    -9.6818e+08    
0.0000e+00    0.0000e+00    8.5533e+07    -5.9987e+07    -1.0319e+09    -9.8187e+08    
0.0000e+00    0.0000e+00    8.9028e+07    -5.4035e+07    -1.0457e+09    -9.9557e+08    
0.0000e+00    0.0000e+00    9.2116e+07    -4.7837e+07    -1.0595e+09    -1.0093e+09    
0.0000e+00    0.0000e+00    9.4778e+07    -4.1417e+07    -1.0733e+09    -1.0230e+09    
0.0000e+00    0.0000e+00    9.6998e+07    -3.4804e+07    -1.0872e+09    -1.0367e+09    
0.0000e+00    0.0000e+00    9.8760e+07    -2.8026e+07    -1.1010e+09    -1.0503e+09    
0.0000e+00    0.0000e+00    1.0005e+08    -2.1115e+07    -1.1148e+09    -1.0640e+09    
0.0000e+00    0.0000e+00    1.0086e+08    -1.4102e+07    -1.1286e+09    -1.0777e+09    
0.0000e+00    0.0000e+00    1.0117e+08    -7.0200e+06    -1.1425e+09    -1.0914e+09    
0.0000e+00    0.0000e+00    1.0098e+08    9.6848e+04    -1.1563e+09    -1.1051e+09    
0.0000e+00    0.0000e+00    1.0029e+08    7.2132e+06    -1.1701e+09    -1.1188e+09    
0.0000e+00    0.0000e+00    9.9088e+07    1.4293e+07    -1.1839e+09    -1.1325e+09    
0.0000e+00    0.0000e+00    9.7375e+07    2.1299e+07    -1.1977e+09    -1.1461e+09    
0.0000e+00    0.0000e+00    9.5153e+07    2.8194e+07    -1.2115e+09    -1.1598e+09    
0.0000e+00    0.0000e+00    9.2429e+07    3.4940e+07    -1.2254e+09    -1.1735e+09    
0.0000e+00    0.0000e+00    8.9210e+07    4.1499e+07    -1.2392e+09    -1.1872e+09    
0.0000e+00    0.0000e+00    8.5508e+07    4.7833e+07    -1.2530e+09    -1.2009e+09    
0.0000e+00    0.0000e+00    8.1335e+07    5.3904e+07    -1.2668e+09    -1.2145e+09    
0.0000e+00    0.0000e+00    7.6711e+07    5.9676e+07    -1.2806e+09    -1.2282e+09    
0.0000e+00    0.0000e+00    7.1654e+07    6.5112e+07    -1.2944e+09    -1.2419e+09    
0.0000e+00    0.0000e+00    6.6190e+07    7.0177e+07    -1.3082e+09    -1.2555e+09    
0.0000e+00    0.0000e+00    6.0345e+07    7.4838e+07    -1.3220e+09    -1.2692e+09    
0.0000e+00    0.0000e+00    5.4150e+07    7.9065e+07    -1.3358e+09    -1.2829e+09    
0.0000e+00    0.0000e+00    4.7636e+07    8.2827e+07    -1.3496e+09    -1.2966e+09    
0.0000e+00    0.0000e+00    4.0840e+07    8.6098e+07    -1.3634e+09    -1.3102e+09    
0.0000e+00    0.0000e+00    3.3801e+07    8.8856e+07    -1.3772e+09    -1.3239e+09    
0.0000e+00    0.0000e+00    2.6558e+07    9.1080e+07    -1.3910e+09    -1.3376e+09    
0.0000e+00    0.0000e+00    1.9155e+07    9.2752e+07    -1.4048e+09    -1.3512e+09    
0.0000e+00    0.0000e+00    1.1635e+07    9.3861e+07    -1.4186e+09    -1.3649e+09    
0.0000e+00    0.0000e+00    4.0445e+06    9.4397e+07    -1.4324e+09    -1.3785e+09    
0.0000e+00    0.0000e+00    -3.5711e+06    9.4354e+07    -1.4462e+09    -1.3922e+09    
0.0000e+00    0.0000e+00    -1.1165e+07    9.3733e+07    -1.4600e+09    -1.4059e+09    
0.0000e+00    0.0000e+00    -1.8690e+07    9.2536e+07    -1.4738e+09    -1.4195e+09    
0.0000e+00    0.0000e+00    -2.6100e+07    9.0770e+07    -1.4875e+09    -1.4332e+09    
0.0000e+00    0.0000e+00    -3.3351e+07    8.8449e+07    -1.5013e+09    -1.4468e+09    
0.0000e+00    0.0000e+00    -4.0397e+07    8.5586e+07    -1.5151e+09    -1.4605e+09    
0.0000e+00    0.0000e+00    -4.7197e+07    8.2202e+07    -1.5289e+09    -1.4742e+09    
0.0000e+00    0.0000e+00    -5.3711e+07    7.8319e+07    -1.5427e+09    -1.4878e+09    
0.0000e+00    0.0000e+00    -5.9901e+07    7.3964e+07    -1.5565e+09    -1.5015e+09    
0.0000e+00    0.0000e+00    -6.5732e+07    6.9165e+07    -1.5703e+09    -1.5151e+09    
0.0000e+00    0.0000e+00    -7.1173e+07    6.3956e+07    -1.5841e+09    -1.5288e+09    
0.0000e+00    0.0000e+00    -7.6193e+07    5.8369e+07    -1.5978e+09    -1.5424e+09    
0.0000e+00    0.0000e+00    -8.0769e+07    5.2442e+07    -1.6116e+09    -1.5561e+09    
0.0000e+00    0.0000e+00    -8.4877e+07    4.6211e+07    -1.6254e+09    -1.5697e+09    
0.0000e+00    0.0000e+00    -8.8500e+07    3.9715e+07    -1.6392e+09    -1.5834e+09    
0.0000e+00    0.0000e+00    -9.1621e+07    3.2995e+07    -1.6530e+09    -1.5970e+09    
0.0000e+00    0.0000e+00    -9.4231e+07    2.6090e+07    -1.6667e+09    -1.6107e+09    
0.0000e+00    0.0000e+00    -9.6319e+07    1.9041e+07    -1.6805e+09    -1.6243e+09    
0.0000e+00    0.0000e+00    -9.7882e+07    1.1889e+07    -1.6943e+09    -1.6380e+09    
0.0000e+00    0.0000e+00    -9.8918e+07    4.6717e+06    -1.7081e+09    -1.6516e+09    
0.0000e+00    0.0000e+00    -9.9427e+07    -2.5700e+06    -1.7219e+09    -1.6653e+09    
0.0000e+00    0.0000e+00    -9.9414e+07    -9.7982e+06    -1.7356e+09    -1.6789e+09    
0.0000e+00    0.0000e+00    -9.8886e+07    -1.6976e+07    -1.7494e+09    -1.6925e+09    
0.0000e+00    0.0000e+00    -9.7853e+07    -2.4066e+07    -1.7632e+09    -1.7062e+09    
0.0000e+00    0.0000e+00    -9.6325e+07    -3.1036e+07    -1.7770e+09    -1.7198e+09    
0.0000e+00    0.0000e+00    -9.4317e+07    -3.7850e+07    -1.7907e+09    -1.7335e+09    
0.0000e+00    0.0000e+00    -9.1846e+07    -4.4478e+07    -1.8045e+09    -1.7471e+09    
0.0000e+00    0.0000e+00    -8.8927e+07    -5.0890e+07    -1.8183e+09    -1.7608e+09    
0.0000e+00    0.0000e+00    -8.5582e+07    -5.7058e+07    -1.8321e+09    -1.7744e+09    
0.0000e+00    0.0000e+00    -8.1831e+07    -6.2955e+07    -1.8458e+09    -1.7880e+09    
0.0000e+00    0.0000e+00    -7.7695e+07    -6.8556e+07    -1.8596e+09    -1.8017e+09    
0.0000e+00    0.0000e+00    -7.3199e+07    -7.3839e+07    -1.8734e+09    -1.8153e+09    
0.0000e+00    0.0000e+00    -6.8366e+07    -7.8783e+07    -1.8871e+09    -1.8290e+09    
0.0000e+00    0.0000e+00    -6.3222e+07    -8.3368e+07    -1.9009e+09    -1.8426e+09    
0.0000e+00    0.0000e+00    -5.7793e+07    -8.7577e+07    -1.9147e+09    -1.8562e+09    
0.0000e+00    0.0000e+00    -5.2106e+07    -9.1394e+07    -1.9284e+09    -1.8699e+09    
0.0000e+00    0.0000e+00    -4.6187e+07    -9.4807e+07    -1.9422e+09    -1.8835e+09    
0.0000e+00    0.0000e+00    -4.0065e+07    -9.7801e+07    -1.9560e+09    -1.8972e+09    
0.0000e+00    0.0000e+00    -3.3768e+07    -1.0037e+08    -1.9698e+09    -1.9108e+09    
0.0000e+00    0.0000e+00    -2.7324e+07    -1.0250e+08    -1.9835e+09    -1.9244e+09    
0.0000e+00    0.0000e+00    -2.0761e+07    -1.0418e+08    -1.9973e+09    -1.9381e+09    
0.0000e+00    0.0000e+00    -1.4109e+07    -1.0542e+08    -2.0111e+09    -1.9517e+09    
0.0000e+00    0.0000e+00    -7.3968e+06    -1.0621e+08    -2.0248e+09    -1.9653e+09    
0.0000e+00    0.0000e+00    -6.5266e+05    -1.0654e+08    -2.0386e+09    -1.9790e+09    
0.0000e+00    0.0000e+00    6.0943e+06    -1.0641e+08    -2.0523e+09    -1.9926e+09    
0.0000e+00    0.0000e+00    1.2815e+07    -1.0583e+08    -2.0661e+09    -2.0062e+09    
0.0000e+00    0.0000e+00    1.9481e+07    -1.0480e+08    -2.0799e+09    -2.0199e+09    
0.0000e+00    0.0000e+00    2.6065e+07    -1.0333e+08    -2.0936e+09    -2.0335e+09    
0.0000e+00    0.0000e+00    3.2537e+07    -1.0141e+08    -2.1074e+09    -2.0471e+09    
0.0000e+00    0.0000e+00    3.8869e+07    -9.9058e+07    -2.1212e+09    -2.0608e+09    
0.0000e+00    0.0000e+00    4.5036e+07    -9.6281e+07    -2.1349e+09    -2.0744e+09    
0.0000e+00    0.0000e+00    5.1008e+07    -9.3091e+07    -2.1487e+09    -2.0880e+09    
0.0000e+00    0.0000e+00    5.6760e+07    -8.9499e+07    -2.1624e+09    -2.1016e+09    
0.0000e+00    0.0000e+00    6.2266e+07    -8.5518e+07    -2.1762e+09    -2.1153e+09    
0.0000e+00    0.0000e+00    6.7500e+07    -8.1164e+07    -2.1900e+09    -2.1289e+09    
0.0000e+00    0.0000e+00    7.2438e+07    -7.6454e+07    -2.2037e+09    -2.1425e+09    
0.0000e+00    0.0000e+00    7.7056e+07    -7.1405e+07    -2.2175e+09    -2.1562e+09    
0.0000e+00    0.0000e+00    8.1330e+07    -6.6039e+07    -2.2312e+09    -2.1698e+09    
0.0000e+00    0.0000e+00    8.5238e+07    -6.0376e+07    -2.2450e+09    -2.1834e+09    
0.0000e+00    0.0000e+00    8.8761e+07    -5.4439e+07    -2.2588e+09    -2.1970e+09    
0.0000e+00    0.0000e+00    9.1877e+07    -4.8253e+07    -2.2725e+09    -2.2107e+09    
0.0000e+00    0.0000e+00    9.4569e+07    -4.1844e+07    -2.2863e+09    -2.2243e+09    
0.0000e+00    0.0000e+00    9.6819e+07    -3.5240e+07    -2.3000e+09    -2.2379e+09    
0.0000e+00    0.0000e+00    9.8612e+07    -2.8469e+07    -2.3138e+09    -2.2515e+09    
0.0000e+00    0.0000e+00    9.9934e+07    -2.1563e+07    -2.3275e+09    -2.2652e+09    
0.0000e+00    0.0000e+00    1.0077e+08    -1.4552e+07    -2.3413e+09    -2.2788e+09    
0.0000e+00    0.0000e+00    1.0112e+08    -7.4693e+06    -2.3551e+09    -2.2924e+09    
0.0000e+00    0.0000e+00    1.0096e+08    -3.5012e+05    -2.3688e+09    -2.3060e+09    
0.0000e+00    0.0000e+00    1.0030e+08    6.7709e+06    -2.3826e+09    -2.3197e+09    
0.0000e+00    0.0000e+00    9.9127e+07    1.3857e+07    -2.3963e+09    -2.3333e+09    
0.0000e+00    0.0000e+00    9.7444e+07    2.0873e+07    -2.4101e+09    -2.3469e+09    
0.0000e+00    0.0000e+00    9.5252e+07    2.7779e+07    -2.4238e+09    -2.3605e+09    
0.0000e+00    0.0000e+00    9.2557e+07    3.4538e+07    -2.4376e+09    -2.3742e+09    
0.0000e+00    0.0000e+00    8.9366e+07    4.1112e+07    -2.4513e+09    -2.3878e+09    
0.0000e+00    0.0000e+00    8.5689e+07    4.7464e+07    -2.4651e+09    -2.4014e+09    
0.0000e+00    0.0000e+00    8.1542e+07    5.3554e+07    -2.4788e+09    -2.4150e+09    
0.0000e+00    0.0000e+00    7.6941e+07    5.9346e+07    -2.4926e+09    -2.4286e+09    
0.0000e+00    0.0000e+00    7.1907e+07    6.4805e+07    -2.5063e+09    -2.4423e+09    
0.0000e+00    0.0000e+00    6.6464e+07    6.9894e+07    -2.5201e+09    -2.4559e+09    
0.0000e+00    0.0000e+00    6.0638e+07    7.4581e+07    -2.5338e+09    -2.4695e+09    
0.0000e+00    0.0000e+00    5.4459e+07    7.8834e+07    -2.5476e+09    -2.4831e+09    
0.0000e+00    0.0000e+00    4.7960e+07    8.2624e+07    -2.5613e+09    -2.4968e+09    
0.0000e+00    0.0000e+00    4.1177e+07    8.5924e+07    -2.5751e+09    -2.5104e+09    
0.0000e+00    0.0000e+00    3.4149e+07    8.8712e+07    -2.5888e+09    -2.5240e+09    
0.0000e+00    0.0000e+00    2.6915e+07    9.0966e+07    -2.6026e+09    -2.5376e+09    
0.0000e+00    0.0000e+00    1.9518e+07    9.2669e+07    -2.6163e+09    -2.5512e+09    
0.0000e+00    0.0000e+00    1.2002e+07    9.3809e+07    -2.6301e+09    -2.5648e+09    
0.0000e+00    0.0000e+00    4.4131e+06    9.4376e+07    -2.6438e+09    -2.5785e+09    
0.0000e+00    0.0000e+00    -3.2028e+06    9.4365e+07    -2.6576e+09    -2.5921e+09    
0.0000e+00    0.0000e+00    -1.0799e+07    9.3775e+07    -2.6713e+09    -2.6057e+09    
0.0000e+00    0.0000e+00    -1.8329e+07    9.2609e+07    -2.6851e+09    -2.6193e+09    
0.0000e+00    0.0000e+00    -2.5746e+07    9.0875e+07    -2.6988e+09    -2.6329e+09    
0.0000e+00    0.0000e+00    -3.3006e+07    8.8583e+07    -2.7126e+09    -2.6466e+09    
0.0000e+00    0.0000e+00    -4.0064e+07    8.5750e+07    -2.7263e+09    -2.6602e+09    
0.0000e+00    0.0000e+00    -4.6878e+07    8.2394e+07    -2.7401e+09    -2.6738e+09    
0.0000e+00    0.0000e+00    -5.3407e+07    7.8539e+07    -2.7538e+09    -2.6874e+09    
0.0000e+00    0.0000e+00    -5.9614e+07    7.4210e+07    -2.7676e+09    -2.7010e+09    
0.0000e+00    0.0000e+00    -6.5465e+07    6.9437e+07    -2.7813e+09    -2.7146e+09    
0.0000e+00    0.0000e+00    -7.0926e+07    6.4251e+07    -2.7951e+09    -2.7282e+09    
0.0000e+00    0.0000e+00    -7.5969e+07    5.8686e+07    -2.8088e+09    -2.7419e+09    
0.0000e+00    0.0000e+00    -8.0569e+07    5.2779e+07    -2.8226e+09    -2.7555e+09    
0.0000e+00    0.0000e+00    -8.4703e+07    4.6567e+07    -2.8363e+09    -2.7691e+09    
0.0000e+00    0.0000e+00    -8.8353e+07    4.0088e+07    -2.8500e+09    -2.7827e+09    
0.0000e+00    0.0000e+00    -9.1502e+07    3.3382e+07    -2.8638e+09    -2.7963e+09    
0.0000e+00    0.0000e+00    -9.4141e+07    2.6490e+07    -2.8775e+09    -2.8099e+09    
0.0000e+00    0.0000e+00    -9.6259e+07    1.9452e+07    -2.8913e+09    -2.8236e+09    
0.0000e+00    0.0000e+00    -9.7852e+07    1.2307e+07    -2.9050e+09    -2.8372e+09    
0.0000e+00    0.0000e+00    -9.8919e+07    5.0966e+06    -2.9188e+09    -2.8508e+09    
0.0000e+00    0.0000e+00    -9.9459e+07    -2.1413e+06    -2.9325e+09    -2.8644e+09    
0.0000e+00    0.0000e+00    -9.9478e+07    -9.3679e+06    -2.9463e+09    -2.8780e+09    
0.0000e+00    0.0000e+00    -9.8982e+07    -1.6546e+07    -2.9600e+09    -2.8916e+09    
0.0000e+00    0.0000e+00    -9.7980e+07    -2.3640e+07    -2.9737e+09    -2.9052e+09    
0.0000e+00    0.0000e+00    -9.6483e+07    -3.0614e+07    -2.9875e+09    -2.9188e+09    
0.0000e+00    0.0000e+00    -9.4506e+07    -3.7436e+07    -3.0012e+09    -2.9325e+09    
0.0000e+00    0.0000e+00    -9.2065e+07    -4.4073e+07    -3.0150e+09    -2.9461e+09    
0.0000e+00    0.0000e+00    -8.9176e+07    -5.0497e+07    -3.0287e+09    -2.9597e+09    
0.0000e+00    0.0000e+00    -8.5859e+07    -5.6678e+07    -3.0425e+09    -2.9733e+09    
0.0000e+00    0.0000e+00    -8.2134e+07    -6.2591e+07    -3.0562e+09    -2.9869e+09    
0.0000e+00    0.0000e+00    -7.8025e+07    -6.8209e+07    -3.0699e+09    -3.0005e+09    
0.0000e+00    0.0000e+00    -7.3553e+07    -7.3512e+07    -3.0837e+09    -3.0141e+09    
0.0000e+00    0.0000e+00    -6.8744e+07    -7.8476e+07    -3.0974e+09    -3.0277e+09    
0.0000e+00    0.0000e+00    -6.3621e+07    -8.3084e+07    -3.1112e+09    -3.0413e+09    
0.0000e+00    0.0000e+00    -5.8212e+07    -8.7317e+07    -3.1249e+09    -3.0550e+09    
0.0000e+00    0.0000e+00    -5.2543e+07    -9.1160e+07    -3.1386e+09    -3.0686e+09    
0.0000e+00    0.0000e+00    -4.6641e+07    -9.4598e+07    -3.1524e+09    -3.0822e+09    
0.0000e+00    0.0000e+00    -4.0533e+07    -9.7620e+07    -3.1661e+09    -3.0958e+09    
0.0000e+00    0.0000e+00    -3.4248e+07    -1.0022e+08    -3.1799e+09    -3.1094e+09    
0.0000e+00    0.0000e+00    -2.7815e+07    -1.0237e+08    -3.1936e+09    -3.1230e+09    
0.0000e+00    0.0000e+00    -2.1261e+07    -1.0409e+08    -3.2073e+09    -3.1366e+09    
0.0000e+00    0.0000e+00    -1.4615e+07    -1.0536e+08    -3.2211e+09    -3.1502e+09    
0.0000e+00    0.0000e+00    -7.9064e+06    -1.0617e+08    -3.2348e+09    -3.1638e+09    
0.0000e+00    0.0000e+00    -1.1641e+06    -1.0654e+08    -3.2486e+09    -3.1774e+09    
0.0000e+00    0.0000e+00    5.5832e+06    -1.0644e+08    -3.2623e+09    -3.1910e+09    
0.0000e+00    0.0000e+00    1.2307e+07    -1.0589e+08    -3.2760e+09    -3.2047e+09    
0.0000e+00    0.0000e+00    1.8978e+07    -1.0489e+08    -3.2898e+09    -3.2183e+09    
0.0000e+00    0.0000e+00    2.5568e+07    -1.0345e+08    -3.3035e+09    -3.2319e+09    
0.0000e+00    0.0000e+00    3.2049e+07    -1.0156e+08    -3.3173e+09    -3.2455e+09    
0.0000e+00    0.0000e+00    3.8392e+07    -9.9238e+07    -3.3310e+09    -3.2591e+09    
0.0000e+00    0.0000e+00    4.4572e+07    -9.6490e+07    -3.3447e+09    -3.2727e+09    
0.0000e+00    0.0000e+00    5.0559e+07    -9.3326e+07    -3.3585e+09    -3.2863e+09    
0.0000e+00    0.0000e+00    5.6328e+07    -8.9760e+07    -3.3722e+09    -3.2999e+09    
0.0000e+00    0.0000e+00    6.1853e+07    -8.5804e+07    -3.3859e+09    -3.3135e+09    
0.0000e+00    0.0000e+00    6.7107e+07    -8.1474e+07    -3.3997e+09    -3.3271e+09    
0.0000e+00    0.0000e+00    7.2067e+07    -7.6785e+07    -3.4134e+09    -3.3407e+09    
0.0000e+00    0.0000e+00    7.6708e+07    -7.1757e+07    -3.4272e+09    -3.3543e+09    
0.0000e+00    0.0000e+00    8.1007e+07    -6.6410e+07    -3.4409e+09    -3.3679e+09    
0.0000e+00    0.0000e+00    8.4942e+07    -6.0763e+07    -3.4546e+09    -3.3815e+09    
0.0000e+00    0.0000e+00    8.8492e+07    -5.4842e+07    -3.4684e+09    -3.3952e+09    
0.0000e+00    0.0000e+00    9.1637e+07    -4.8669e+07    -3.4821e+09    -3.4088e+09    
0.0000e+00    0.0000e+00    9.4358e+07    -4.2271e+07    -3.4958e+09    -3.4224e+09    
0.0000e+00    0.0000e+00    9.6638e+07    -3.5675e+07    -3.5096e+09    -3.4360e+09    
0.0000e+00    0.0000e+00    9.8462e+07    -2.8911e+07    -3.5233e+09    -3.4496e+09    
0.0000e+00    0.0000e+00    9.9814e+07    -2.2009e+07    -3.5370e+09    -3.4632e+09    
0.0000e+00    0.0000e+00    1.0068e+08    -1.5000e+07    -3.5508e+09    -3.4768e+09    
0.0000e+00    0.0000e+00    1.0106e+08    -7.9183e+06    -3.5645e+09    -3.4904e+09    
0.0000e+00    0.0000e+00    1.0094e+08    -7.9688e+05    -3.5782e+09    -3.5040e+09    
0.0000e+00    0.0000e+00    1.0031e+08    6.3285e+06    -3.5920e+09    -3.5176e+09    
0.0000e+00    0.0000e+00    9.9164e+07    1.3422e+07    -3.6057e+09    -3.5312e+09    
0.0000e+00    0.0000e+00    9.7511e+07    2.0446e+07    -3.6195e+09    -3.5448e+09    
0.0000e+00    0.0000e+00    9.5349e+07    2.7363e+07    -3.6332e+09    -3.5584e+09    
0.0000e+00    0.0000e+00    9.2683e+07    3.4135e+07    -3.6469e+09    -3.5720e+09    
0.0000e+00    0.0000e+00    8.9519e+07    4.0725e+07    -3.6607e+09    -3.5856e+09    
0.0000e+00    0.0000e+00    8.5869e+07    4.7093e+07    -3.6744e+09    -3.5992e+09    
0.0000e+00    0.0000e+00    8.1748e+07    5.3203e+07    -3.6881e+09    -3.6128e+09    
0.0000e+00    0.0000e+00    7.7171e+07    5.9016e+07    -3.7019e+09    -3.6264e+09    
0.0000e+00    0.0000e+00    7.2159e+07    6.4496e+07    -3.7156e+09    -3.6400e+09    
0.0000e+00    0.0000e+00    6.6736e+07    6.9609e+07    -3.7293e+09    -3.6536e+09    
0.0000e+00    0.0000e+00    6.0929e+07    7.4322e+07    -3.7431e+09    -3.6672e+09    
0.0000e+00    0.0000e+00    5.4767e+07    7.8601e+07    -3.7568e+09    -3.6808e+09    
0.0000e+00    0.0000e+00    4.8283e+07    8.2419e+07    -3.7705e+09    -3.6945e+09    
0.0000e+00    0.0000e+00    4.1513e+07    8.5749e+07    -3.7843e+09    -3.7081e+09    
0.0000e+00    0.0000e+00    3.4496e+07    8.8566e+07    -3.7980e+09    -3.7217e+09    
0.0000e+00    0.0000e+00    2.7270e+07    9.0850e+07    -3.8117e+09    -3.7353e+09    
0.0000e+00    0.0000e+00    1.9880e+07    9.2584e+07    -3.8255e+09    -3.7489e+09    
0.0000e+00    0.0000e+00    1.2369e+07    9.3756e+07    -3.8392e+09    -3.7625e+09    
0.0000e+00    0.0000e+00    4.7818e+06    9.4354e+07    -3.8529e+09    -3.7761e+09    
0.0000e+00    0.0000e+00    -2.8344e+06    9.4375e+07    -3.8667e+09    -3.7897e+09    
0.0000e+00    0.0000e+00    -1.0433e+07    9.3816e+07    -3.8804e+09    -3.8033e+09    
0.0000e+00    0.0000e+00    -1.7968e+07    9.2682e+07    -3.8941e+09    -3.8169e+09    
0.0000e+00    0.0000e+00    -2.5392e+07    9.0978e+07    -3.9079e+09    -3.8305e+09    
0.0000e+00    0.0000e+00    -3.2661e+07    8.8716e+07    -3.9216e+09    -3.8441e+09    
0.0000e+00    0.0000e+00    -3.9730e+07    8.5913e+07    -3.9353e+09    -3.8577e+09    
0.0000e+00    0.0000e+00    -4.6557e+07    8.2586e+07    -3.9490e+09    -3.8713e+09    
0.0000e+00    0.0000e+00    -5.3102e+07    7.8758e+07    -3.9628e+09    -3.8849e+09    
0.0000e+00    0.0000e+00    -5.9327e+07    7.4455e+07    -3.9765e+09    -3.8985e+09    
0.0000e+00    0.0000e+00    -6.5196e+07    6.9707e+07    -3.9902e+09    -3.9121e+09    
0.0000e+00    0.0000e+00    -7.0678e+07    6.4545e+07    -4.0040e+09    -3.9257e+09    
0.0000e+00    0.0000e+00    -7.5744e+07    5.9003e+07    -4.0177e+09    -3.9393e+09    
0.0000e+00    0.0000e+00    -8.0368e+07    5.3116e+07    -4.0314e+09    -3.9529e+09    
0.0000e+00    0.0000e+00    -8.4528e+07    4.6922e+07    -4.0452e+09    -3.9665e+09    
0.0000e+00    0.0000e+00    -8.8204e+07    4.0460e+07    -4.0589e+09    -3.9801e+09    
0.0000e+00    0.0000e+00    -9.1382e+07    3.3769e+07    -4.0726e+09    -3.9937e+09    
0.0000e+00    0.0000e+00    -9.4049e+07    2.6890e+07    -4.0864e+09    -4.0073e+09    
0.0000e+00    0.0000e+00    -9.6197e+07    1.9862e+07    -4.1001e+09    -4.0209e+09    
0.0000e+00    0.0000e+00    -9.7821e+07    1.2726e+07    -4.1138e+09    -4.0345e+09    
0.0000e+00    0.0000e+00    -9.8918e+07    5.5218e+06    -4.1275e+09    -4.0481e+09    
0.0000e+00    0.0000e+00    -9.9490e+07    -1.7121e+06    -4.1413e+09    -4.0617e+09    
0.0000e+00    0.0000e+00    -9.9541e+07    -8.9369e+06    -4.1550e+09    -4.0753e+09    
0.0000e+00    0.0000e+00    -9.9076e+07    -1.6115e+07    -4.1687e+09    -4.0889e+09    
0.0000e+00    0.0000e+00    -9.8105e+07    -2.3212e+07    -4.1825e+09    -4.1025e+09    
0.0000e+00    0.0000e+00    -9.6640e+07    -3.0191e+07    -4.1962e+09    -4.1161e+09    
0.0000e+00    0.0000e+00    -9.4693e+07    -3.7020e+07    -4.2099e+09    -4.1297e+09    
0.0000e+00    0.0000e+00    -9.2282e+07    -4.3667e+07    -4.2237e+09    -4.1433e+09    
0.0000e+00    0.0000e+00    -8.9422e+07    -5.0102e+07    -4.2374e+09    -4.1569e+09    
0.0000e+00    0.0000e+00    -8.6133e+07    -5.6297e+07    -4.2511e+09    -4.1705e+09    
0.0000e+00    0.0000e+00    -8.2436e+07    -6.2225e+07    -4.2648e+09    -4.1841e+09    
0.0000e+00    0.0000e+00    -7.8353e+07    -6.7861e+07    -4.2786e+09    -4.1977e+09    
0.0000e+00    0.0000e+00    -7.3906e+07    -7.3182e+07    -4.2923e+09    -4.2113e+09    
0.0000e+00    0.0000e+00    -6.9120e+07    -7.8168e+07    -4.3060e+09    -4.2249e+09    
0.0000e+00    0.0000e+00    -6.4019e+07    -8.2798e+07    -4.3198e+09    -4.2385e+09    
0.0000e+00    0.0000e+00    -5.8630e+07    -8.7054e+07    -4.3335e+09    -4.2521e+09    
0.0000e+00    0.0000e+00    -5.2979e+07    -9.0922e+07    -4.3472e+09    -4.2657e+09    
0.0000e+00    0.0000e+00    -4.7094e+07    -9.4387e+07    -4.3609e+09    -4.2793e+09    
0.0000e+00    0.0000e+00    -4.1001e+07    -9.7437e+07    -4.3747e+09    -4.2929e+09    
0.0000e+00    0.0000e+00    -3.4728e+07    -1.0006e+08    -4.3884e+09    -4.3065e+09    
0.0000e+00    0.0000e+00    -2.8305e+07    -1.0225e+08    -4.4021e+09    -4.3201e+09    
0.0000e+00    0.0000e+00    -2.1760e+07    -1.0400e+08    -4.4159e+09    -4.3337e+09    
0.0000e+00    0.0000e+00    -1.5120e+07    -1.0529e+08    -4.4296e+09    -4.3472e+09    
0.0000e+00    0.0000e+00    -8.4159e+06    -1.0614e+08    -4.4433e+09    -4.3608e+09    
0.0000e+00    0.0000e+00    -1.6756e+06    -1.0653e+08    -4.4570e+09    -4.3744e+09    
0.0000e+00    0.0000e+00    5.0719e+06    -1.0647e+08    -4.4708e+09    -4.3880e+09    
0.0000e+00    0.0000e+00    1.1798e+07    -1.0595e+08    -4.4845e+09    -4.4016e+09    
0.0000e+00    0.0000e+00    1.8473e+07    -1.0498e+08    -4.4982e+09    -4.4152e+09    
0.0000e+00    0.0000e+00    2.5070e+07    -1.0357e+08    -4.5119e+09    -4.4288e+09    
0.0000e+00    0.0000e+00    3.1560e+07    -1.0171e+08    -4.5257e+09    -4.4424e+09    
0.0000e+00    0.0000e+00    3.7914e+07    -9.9415e+07    -4.5394e+09    -4.4560e+09    
0.0000e+00    0.0000e+00    4.4107e+07    -9.6696e+07    -4.5531e+09    -4.4696e+09    
0.0000e+00    0.0000e+00    5.0109e+07    -9.3560e+07    -4.5669e+09    -4.4832e+09    
0.0000e+00    0.0000e+00    5.5895e+07    -9.0019e+07    -4.5806e+09    -4.4968e+09    
0.0000e+00    0.0000e+00    6.1438e+07    -8.6088e+07    -4.5943e+09    -4.5104e+09    
0.0000e+00    0.0000e+00    6.6713e+07    -8.1781e+07    -4.6080e+09    -4.5240e+09    
0.0000e+00    0.0000e+00    7.1695e+07    -7.7115e+07    -4.6218e+09    -4.5376e+09    
0.0000e+00    0.0000e+00    7.6359e+07    -7.2108e+07    -4.6355e+09    -4.5512e+09    
0.0000e+00    0.0000e+00    8.0683e+07    -6.6779e+07    -4.6492e+09    -4.5648e+09    
0.0000e+00    0.0000e+00    8.4644e+07    -6.1149e+07    -4.6629e+09    -4.5784e+09    
0.0000e+00    0.0000e+00    8.8222e+07    -5.5243e+07    -4.6767e+09    -4.5920e+09    
0.0000e+00    0.0000e+00    9.1395e+07    -4.9083e+07    -4.6904e+09    -4.6056e+09    
0.0000e+00    0.0000e+00    9.4145e+07    -4.2696e+07    -4.7041e+09    -4.6192e+09    
0.0000e+00    0.0000e+00    9.6455e+07    -3.6110e+07    -4.7178e+09    -4.6328e+09    
0.0000e+00    0.0000e+00    9.8309e+07    -2.9353e+07    -4.7316e+09    -4.6464e+09    
0.0000e+00    0.0000e+00    9.9693e+07    -2.2455e+07    -4.7453e+09    -4.6600e+09    
0.0000e+00    0.0000e+00    1.0059e+08    -1.5449e+07    -4.7590e+09    -4.6736e+09    
0.0000e+00    0.0000e+00    1.0100e+08    -8.3668e+06    -4.7727e+09    -4.6872e+09    
0.0000e+00    0.0000e+00    1.0091e+08    -1.2433e+06    -4.7865e+09    -4.7008e+09    
0.0000e+00    0.0000e+00    1.0031e+08    5.8864e+06    -4.8002e+09    -4.7143e+09    
0.0000e+00    0.0000e+00    9.9199e+07    1.2986e+07    -4.8139e+09    -4.7279e+09    
0.0000e+00    0.0000e+00    9.7577e+07    2.0019e+07    -4.8276e+09    -4.7415e+09    
0.0000e+00    0.0000e+00    9.5444e+07    2.6947e+07    -4.8414e+09    -4.7551e+09    
0.0000e+00    0.0000e+00    9.2807e+07    3.3733e+07    -4.8551e+09    -4.7687e+09    
0.0000e+00    0.0000e+00    8.9671e+07    4.0337e+07    -4.8688e+09    -4.7823e+09    
0.0000e+00    0.0000e+00    8.6048e+07    4.6722e+07    -4.8825e+09    -4.7959e+09    
0.0000e+00    0.0000e+00    8.1951e+07    5.2851e+07    -4.8963e+09    -4.8095e+09    
0.0000e+00    0.0000e+00    7.7398e+07    5.8684e+07    -4.9100e+09    -4.8231e+09    
0.0000e+00    0.0000e+00    7.2409e+07    6.4187e+07    -4.9237e+09    -4.8367e+09    
0.0000e+00    0.0000e+00    6.7007e+07    6.9324e+07    -4.9374e+09    -4.8503e+09    
0.0000e+00    0.0000e+00    6.1219e+07    7.4062e+07    -4.9512e+09    -4.8639e+09    
0.0000e+00    0.0000e+00    5.5074e+07    7.8368e+07    -4.9649e+09    -4.8775e+09    
0.0000e+00    0.0000e+00    4.8605e+07    8.2214e+07    -4.9786e+09    -4.8911e+09    
0.0000e+00    0.0000e+00    4.1849e+07    8.5572e+07    -4.9923e+09    -4.9047e+09    
0.0000e+00    0.0000e+00    3.4842e+07    8.8419e+07    -5.0061e+09    -4.9183e+09    
0.0000e+00    0.0000e+00    2.7626e+07    9.0733e+07    -5.0198e+09    -4.9319e+09    
0.0000e+00    0.0000e+00    2.0242e+07    9.2498e+07    -5.0335e+09    -4.9455e+09    
0.0000e+00    0.0000e+00    1.2735e+07    9.3701e+07    -5.0472e+09    -4.9590e+09    
0.0000e+00    0.0000e+00    5.1503e+06    9.4331e+07    -5.0610e+09    -4.9726e+09    
0.0000e+00    0.0000e+00    -2.4659e+06    9.4383e+07    -5.0747e+09    -4.9862e+09    
0.0000e+00    0.0000e+00    -1.0067e+07    9.3856e+07    -5.0884e+09    -4.9998e+09    
0.0000e+00    0.0000e+00    -1.7606e+07    9.2753e+07    -5.1021e+09    -5.0134e+09    
0.0000e+00    0.0000e+00    -2.5037e+07    9.1080e+07    -5.1159e+09    -5.0270e+09    
0.0000e+00    0.0000e+00    -3.2315e+07    8.8849e+07    -5.1296e+09    -5.0406e+09    
0.0000e+00    0.0000e+00    -3.9395e+07    8.6074e+07    -5.1433e+09    -5.0542e+09    
0.0000e+00    0.0000e+00    -4.6236e+07    8.2776e+07    -5.1570e+09    -5.0678e+09    
0.0000e+00    0.0000e+00    -5.2796e+07    7.8976e+07    -5.1707e+09    -5.0814e+09    
0.0000e+00    0.0000e+00    -5.9038e+07    7.4700e+07    -5.1845e+09    -5.0950e+09    
0.0000e+00    0.0000e+00    -6.4926e+07    6.9977e+07    -5.1982e+09    -5.1086e+09    
0.0000e+00    0.0000e+00    -7.0429e+07    6.4838e+07    -5.2119e+09    -5.1222e+09    
0.0000e+00    0.0000e+00    -7.5518e+07    5.9318e+07    -5.2256e+09    -5.1358e+09    
0.0000e+00    0.0000e+00    -8.0166e+07    5.3452e+07    -5.2394e+09    -5.1494e+09    
0.0000e+00    0.0000e+00    -8.4351e+07    4.7277e+07    -5.2531e+09    -5.1629e+09    
0.0000e+00    0.0000e+00    -8.8054e+07    4.0832e+07    -5.2668e+09    -5.1765e+09    
0.0000e+00    0.0000e+00    -9.1259e+07    3.4156e+07    -5.2805e+09    -5.1901e+09    
0.0000e+00    0.0000e+00    -9.3955e+07    2.7290e+07    -5.2943e+09    -5.2037e+09    
0.0000e+00    0.0000e+00    -9.6133e+07    2.0273e+07    -5.3080e+09    -5.2173e+09    
0.0000e+00    0.0000e+00    -9.7788e+07    1.3145e+07    -5.3217e+09    -5.2309e+09    
0.0000e+00    0.0000e+00    -9.8916e+07    5.9472e+06    -5.3354e+09    -5.2445e+09    
0.0000e+00    0.0000e+00    -9.9519e+07    -1.2824e+06    -5.3491e+09    -5.2581e+09    
0.0000e+00    0.0000e+00    -9.9601e+07    -8.5053e+06    -5.3629e+09    -5.2717e+09    
0.0000e+00    0.0000e+00    -9.9168e+07    -1.5684e+07    -5.3766e+09    -5.2853e+09    
0.0000e+00    0.0000e+00    -9.8229e+07    -2.2783e+07    -5.3903e+09    -5.2989e+09    
0.0000e+00    0.0000e+00    -9.6794e+07    -2.9767e+07    -5.4040e+09    -5.3125e+09    
0.0000e+00    0.0000e+00    -9.4879e+07    -3.6603e+07    -5.4178e+09    -5.3261e+09    
0.0000e+00    0.0000e+00    -9.2497e+07    -4.3260e+07    -5.4315e+09    -5.3396e+09    
0.0000e+00    0.0000e+00    -8.9667e+07    -4.9706e+07    -5.4452e+09    -5.3532e+09    
0.0000e+00    0.0000e+00    -8.6406e+07    -5.5914e+07    -5.4589e+09    -5.3668e+09    
0.0000e+00    0.0000e+00    -8.2737e+07    -6.1857e+07    -5.4726e+09    -5.3804e+09    
0.0000e+00    0.0000e+00    -7.8679e+07    -6.7511e+07    -5.4864e+09    -5.3940e+09    
0.0000e+00    0.0000e+00    -7.4257e+07    -7.2851e+07    -5.5001e+09    -5.4076e+09    
0.0000e+00    0.0000e+00    -6.9495e+07    -7.7857e+07    -5.5138e+09    -5.4212e+09    
0.0000e+00    0.0000e+00    -6.4416e+07    -8.2509e+07    -5.5275e+09    -5.4348e+09    
0.0000e+00    0.0000e+00    -5.9047e+07    -8.6790e+07    -5.5412e+09    -5.4484e+09    
0.0000e+00    0.0000e+00    -5.3415e+07    -9.0683e+07    -5.5550e+09    -5.4620e+09    
0.0000e+00    0.0000e+00    -4.7546e+07    -9.4174e+07    -5.5687e+09    -5.4756e+09    
0.0000e+00    0.0000e+00    -4.1467e+07    -9.7251e+07    -5.5824e+09    -5.4891e+09    
0.0000e+00    0.0000e+00    -3.5208e+07    -9.9903e+07    -5.5961e+09    -5.5027e+09    
0.0000e+00    0.0000e+00    -2.8795e+07    -1.0212e+08    -5.6099e+09    -5.5163e+09    
0.0000e+00    0.0000e+00    -2.2258e+07    -1.0390e+08    -5.6236e+09    -5.5299e+09    
0.0000e+00    0.0000e+00    -1.5625e+07    -1.0523e+08    -5.6373e+09    -5.5435e+09    
0.0000e+00    0.0000e+00    -8.9253e+06    -1.0610e+08    -5.6510e+09    -5.5571e+09    
0.0000e+00    0.0000e+00    -2.1871e+06    -1.0653e+08    -5.6647e+09    -5.5707e+09    
0.0000e+00    0.0000e+00    4.5604e+06    -1.0649e+08    -5.6785e+09    -5.5843e+09    
0.0000e+00    0.0000e+00    1.1288e+07    -1.0601e+08    -5.6922e+09    -5.5979e+09    
0.0000e+00    0.0000e+00    1.7968e+07    -1.0507e+08    -5.7059e+09    -5.6115e+09    
0.0000e+00    0.0000e+00    2.4572e+07    -1.0368e+08    -5.7196e+09    -5.6251e+09    
0.0000e+00    0.0000e+00    3.1070e+07    -1.0186e+08    -5.7333e+09    -5.6386e+09    
0.0000e+00    0.0000e+00    3.7436e+07    -9.9591e+07    -5.7471e+09    -5.6522e+09    
0.0000e+00    0.0000e+00    4.3641e+07    -9.6899e+07    -5.7608e+09    -5.6658e+09    
0.0000e+00    0.0000e+00    4.9658e+07    -9.3790e+07    -5.7745e+09    -5.6794e+09    
0.0000e+00    0.0000e+00    5.5460e+07    -9.0276e+07    -5.7882e+09    -5.6930e+09    
0.0000e+00    0.0000e+00    6.1022e+07    -8.6370e+07    -5.8019e+09    -5.7066e+09    
0.0000e+00    0.0000e+00    6.6317e+07    -8.2087e+07    -5.8157e+09    -5.7202e+09    
0.0000e+00    0.0000e+00    7.1321e+07    -7.7443e+07    -5.8294e+09    -5.7338e+09    
0.0000e+00    0.0000e+00    7.6008e+07    -7.2456e+07    -5.8431e+09    -5.7474e+09    
0.0000e+00    0.0000e+00    8.0357e+07    -6.7146e+07    -5.8568e+09    -5.7610e+09    
0.0000e+00    0.0000e+00    8.4345e+07    -6.1534e+07    -5.8705e+09    -5.7745e+09    
0.0000e+00    0.0000e+00    8.7949e+07    -5.5642e+07    -5.8843e+09    -5.7881e+09    
0.0000e+00    0.0000e+00    9.1151e+07    -4.9496e+07    -5.8980e+09    -5.8017e+09    
0.0000e+00    0.0000e+00    9.3930e+07    -4.3120e+07    -5.9117e+09    -5.8153e+09    
0.0000e+00    0.0000e+00    9.6270e+07    -3.6543e+07    -5.9254e+09    -5.8289e+09    
0.0000e+00    0.0000e+00    9.8155e+07    -2.9793e+07    -5.9391e+09    -5.8425e+09    
0.0000e+00    0.0000e+00    9.9570e+07    -2.2900e+07    -5.9529e+09    -5.8561e+09    
0.0000e+00    0.0000e+00    1.0050e+08    -1.5896e+07    -5.9666e+09    -5.8697e+09    
0.0000e+00    0.0000e+00    1.0094e+08    -8.8148e+06    -5.9803e+09    -5.8833e+09    
0.0000e+00    0.0000e+00    1.0088e+08    -1.6893e+06    -5.9940e+09    -5.8969e+09    
0.0000e+00    0.0000e+00    1.0031e+08    5.4446e+06    -6.0077e+09    -5.9104e+09    
0.0000e+00    0.0000e+00    9.9232e+07    1.2551e+07    -6.0215e+09    -5.9240e+09    
0.0000e+00    0.0000e+00    9.7640e+07    1.9592e+07    -6.0352e+09    -5.9376e+09    
0.0000e+00    0.0000e+00    9.5538e+07    2.6531e+07    -6.0489e+09    -5.9512e+09    
0.0000e+00    0.0000e+00    9.2929e+07    3.3329e+07    -6.0626e+09    -5.9648e+09    
0.0000e+00    0.0000e+00    8.9821e+07    3.9949e+07    -6.0763e+09    -5.9784e+09    
0.0000e+00    0.0000e+00    8.6225e+07    4.6351e+07    -6.0901e+09    -5.9920e+09    
0.0000e+00    0.0000e+00    8.2154e+07    5.2498e+07    -6.1038e+09    -6.0056e+09    
0.0000e+00    0.0000e+00    7.7625e+07    5.8352e+07    -6.1175e+09    -6.0192e+09    
0.0000e+00    0.0000e+00    7.2658e+07    6.3877e+07    -6.1312e+09    -6.0327e+09    
0.0000e+00    0.0000e+00    6.7277e+07    6.9038e+07    -6.1449e+09    -6.0463e+09    
0.0000e+00    0.0000e+00    6.1508e+07    7.3801e+07    -6.1587e+09    -6.0599e+09    
0.0000e+00    0.0000e+00    5.5380e+07    7.8134e+07    -6.1724e+09    -6.0735e+09    
0.0000e+00    0.0000e+00    4.8927e+07    8.2007e+07    -6.1861e+09    -6.0871e+09    
0.0000e+00    0.0000e+00    4.2183e+07    8.5394e+07    -6.1998e+09    -6.1007e+09    
0.0000e+00    0.0000e+00    3.5188e+07    8.8270e+07    -6.2135e+09    -6.1143e+09    
0.0000e+00    0.0000e+00    2.7980e+07    9.0615e+07    -6.2272e+09    -6.1279e+09    
0.0000e+00    0.0000e+00    2.0603e+07    9.2411e+07    -6.2410e+09    -6.1415e+09    
0.0000e+00    0.0000e+00    1.3101e+07    9.3645e+07    -6.2547e+09    -6.1550e+09    
0.0000e+00    0.0000e+00    5.5188e+06    9.4306e+07    -6.2684e+09    -6.1686e+09    
0.0000e+00    0.0000e+00    -2.0974e+06    9.4390e+07    -6.2821e+09    -6.1822e+09    
0.0000e+00    0.0000e+00    -9.7007e+06    9.3895e+07    -6.2958e+09    -6.1958e+09    
0.0000e+00    0.0000e+00    -1.7244e+07    9.2822e+07    -6.3096e+09    -6.2094e+09    
0.0000e+00    0.0000e+00    -2.4682e+07    9.1180e+07    -6.3233e+09    -6.2230e+09    
0.0000e+00    0.0000e+00    -3.1969e+07    8.8979e+07    -6.3370e+09    -6.2366e+09    
0.0000e+00    0.0000e+00    -3.9060e+07    8.6235e+07    -6.3507e+09    -6.2502e+09    
0.0000e+00    0.0000e+00    -4.5913e+07    8.2965e+07    -6.3644e+09    -6.2638e+09    
0.0000e+00    0.0000e+00    -5.2489e+07    7.9193e+07    -6.3781e+09    -6.2773e+09    
0.0000e+00    0.0000e+00    -5.8748e+07    7.4943e+07    -6.3919e+09    -6.2909e+09    
0.0000e+00    0.0000e+00    -6.4655e+07    7.0246e+07    -6.4056e+09    -6.3045e+09    
0.0000e+00    0.0000e+00    -7.0179e+07    6.5131e+07    -6.4193e+09    -6.3181e+09    
0.0000e+00    0.0000e+00    -7.5290e+07    5.9633e+07    -6.4330e+09    -6.3317e+09    
0.0000e+00    0.0000e+00    -7.9962e+07    5.3787e+07    -6.4467e+09    -6.3453e+09    
0.0000e+00    0.0000e+00    -8.4172e+07    4.7631e+07    -6.4605e+09    -6.3589e+09    
0.0000e+00    0.0000e+00    -8.7902e+07    4.1203e+07    -6.4742e+09    -6.3725e+09    
0.0000e+00    0.0000e+00    -9.1135e+07    3.4543e+07    -6.4879e+09    -6.3860e+09    
0.0000e+00    0.0000e+00    -9.3860e+07    2.7689e+07    -6.5016e+09    -6.3996e+09    
0.0000e+00    0.0000e+00    -9.6068e+07    2.0683e+07    -6.5153e+09    -6.4132e+09    
0.0000e+00    0.0000e+00    -9.7752e+07    1.3564e+07    -6.5290e+09    -6.4268e+09    
0.0000e+00    0.0000e+00    -9.8912e+07    6.3729e+06    -6.5428e+09    -6.4404e+09    
